class1,class2,class3,class4,class5,class6,class7,class8,class9,ID
0.148882585097,0.147695528642,0.0626852724125,0.282416893607,0.0681711498951,0.087243343974,0.0775294883522,0.0626646468354,0.062711091184,1
0.430492679373,0.0788496505319,0.0623931224628,0.0999826657653,0.0667729455616,0.0656614094916,0.0710177976316,0.0624049767906,0.0624247523919,2
0.0956470456032,0.30608455852,0.0715562070604,0.0823456691969,0.0774490814285,0.0908941969061,0.133114027303,0.0714605534587,0.0714486605236,3
0.182108732705,0.174145153063,0.0677154413679,0.13805329559,0.0716062052368,0.0779809690494,0.152961038979,0.0677155270771,0.067713636932,4
0.0810561957703,0.129459517004,0.0724226232581,0.0958621860232,0.0745985943915,0.0780334688237,0.32716010218,0.0707006083501,0.0707067041992,5
0.174675311197,0.0977727217048,0.11238222554,0.173288703184,0.0829159077086,0.0826985639074,0.111681416385,0.0788153978018,0.0857697525716,6
0.0763316974879,0.0971793028901,0.0666351610616,0.0814462895116,0.0721227721127,0.0692189536733,0.403854634084,0.0666065455755,0.0666046436038,7
0.192149393942,0.0790492660675,0.0637153240401,0.156689325818,0.167521946397,0.0742552331812,0.110826465357,0.0925262945457,0.0632667506518,8
0.150942601049,0.0738487326109,0.063396426742,0.354401132211,0.0683391565216,0.067589146457,0.0947728501755,0.063376995869,0.0633329583633,9
0.0633071271644,0.068524173142,0.159624302301,0.0658875931038,0.0598911484226,0.0576041568042,0.414517706958,0.0553298615001,0.0553139306041,10
0.128498865397,0.0668879904802,0.0615951029891,0.324516313103,0.122128103295,0.0646911088643,0.104341935567,0.0615884853181,0.0657520949871,11
0.0675832242209,0.460529644342,0.0718342325276,0.0715053072475,0.0575933171951,0.0596713697886,0.100966241569,0.0546430539157,0.0556736091936,12
0.419088839822,0.0680732138047,0.0661185663652,0.105674523253,0.0782861586085,0.0654198228156,0.0692220730809,0.0654471140638,0.062669688186,13
0.0688784483982,0.150012524013,0.0601513116871,0.0665307337291,0.0666414523081,0.0648862873207,0.402531677161,0.060180710321,0.0601868550621,14
0.174973359324,0.154408800951,0.0836733659034,0.0984980018273,0.0869044243538,0.12005716616,0.114045863206,0.0837258326026,0.0837131856715,15
0.208507459505,0.143157344269,0.0661394699438,0.0762767490245,0.19261310674,0.0890799816974,0.0880069474732,0.0700953305791,0.0661236107689,16
0.170488099951,0.149761001476,0.0776792521049,0.101402067685,0.0825445736131,0.0852064483744,0.177489195177,0.0777215204873,0.0777078411317,17
0.124699181027,0.13197831778,0.0691871552684,0.165527111648,0.0795363298651,0.0853983575057,0.20534716599,0.0691657559421,0.0691606249728,18
0.0724206654417,0.119166130198,0.0715473161919,0.0743245586555,0.0720753261091,0.0707584824597,0.393290078528,0.0632381465597,0.0631792958559,19
0.14520979172,0.156898780089,0.089628011746,0.103277590618,0.0964886591313,0.103279553807,0.125902100354,0.0896698834728,0.0896456290609,20
0.0928219469844,0.103161426812,0.0640361332114,0.13964705821,0.0687920601567,0.0664799769366,0.336902093916,0.0640714467223,0.0640878570503,21
0.175680454343,0.087649857117,0.0621970606571,0.222908014288,0.066830987822,0.0658119391503,0.194468993764,0.06222779328,0.0622248995785,22
0.162672078045,0.184880822151,0.0645637902342,0.0993586863374,0.0693914551048,0.0728019316122,0.217141009824,0.0645852648521,0.0646049618397,23
0.0802880589128,0.210610815206,0.0576316385928,0.113197701307,0.0758075862817,0.0629053978109,0.277420574841,0.0576840228668,0.0644542041811,24
0.160618598195,0.126846943445,0.0666095919893,0.131162062038,0.0721895968826,0.0713014463991,0.238014140274,0.0666328738741,0.0666247469034,25
0.071429818474,0.0992706000617,0.0638296489855,0.071924736952,0.0833416711411,0.080949946033,0.404617136887,0.0623116317124,0.0623248097538,26
0.0835595814006,0.136542247185,0.0634575401632,0.0920990884061,0.0686834643318,0.0726295546753,0.356658394526,0.0629492199821,0.0634209093298,27
0.119254309327,0.13069852591,0.0761662210975,0.10463926896,0.082786778456,0.0801443631308,0.253242772361,0.0769924182396,0.0760753425171,28
0.133710014171,0.0917684848499,0.067271241027,0.25736517441,0.0728112352252,0.0700539683785,0.172613275286,0.0671970697582,0.0672095368947,29
0.0710474995984,0.389323003896,0.0532492242035,0.0597746231508,0.0587093037978,0.0584294497882,0.20297930244,0.0532035989366,0.0532839941888,30
0.0790023094515,0.266163928559,0.0688762405795,0.0763095240432,0.0724345502266,0.133884553021,0.16544156716,0.0689215319273,0.0689657950321,31
0.201139649936,0.114721505592,0.125503775642,0.137875551214,0.102897478835,0.0801829894073,0.0919432429542,0.072911549625,0.0728242567948,32
0.103951263024,0.101523769188,0.0888510585535,0.0983731436552,0.0861989835762,0.078513321653,0.289722336847,0.0769494143294,0.0759167091735,33
0.072993816997,0.11525474741,0.0574712047899,0.063590278628,0.0622041357755,0.0595662720821,0.453950690801,0.0574685954909,0.0575002580257,34
0.130494271386,0.157394905615,0.0813025149379,0.102946666506,0.087359874057,0.0929402267033,0.155328568491,0.108026607352,0.0842063649513,35
0.100244584778,0.132889139794,0.0707262941383,0.220866324171,0.0766292932285,0.0737274414875,0.183460614669,0.070741355846,0.070714951887,36
0.337371145957,0.0599581833568,0.0552181936006,0.126395659009,0.0606942664584,0.188186985534,0.0617092816611,0.0552138358639,0.055252448558,37
0.150357471966,0.19756406214,0.0712588199648,0.134545680689,0.075228562381,0.0801467297672,0.148291220996,0.0712913689709,0.0713160831252,38
0.0805931282559,0.0890607844172,0.0642453280982,0.081980631836,0.0693197421947,0.0724689719686,0.413741603543,0.0643015873816,0.064288222305,39
0.0770376651214,0.089664816238,0.0672516269794,0.077571438898,0.0727898127317,0.0701239406646,0.411148557208,0.0671924527084,0.0672196894503,40
0.070869100827,0.0951446126791,0.0558029093208,0.0746447583155,0.0589368356291,0.0581599247963,0.464138193108,0.0645451688838,0.05775849644,41
0.0889731635147,0.0970098188746,0.0638452864305,0.104873995831,0.0758879854277,0.0660730948399,0.375728033781,0.0638079649439,0.0638006563562,42
0.0811050168524,0.288094215063,0.0901962289979,0.0816669722425,0.0830611396904,0.0830535853174,0.116500050088,0.0939493147767,0.0823734769721,43
0.180419315832,0.125333102398,0.0793310514914,0.136557163419,0.0855161311688,0.0831190436344,0.151155573342,0.0792998418032,0.0792687769101,44
0.161105554085,0.107196882013,0.0618870636297,0.329157477806,0.0709280033472,0.0610819038299,0.090276121683,0.0597543870064,0.0586126065995,45
0.0864898770586,0.20777215752,0.0609312804757,0.123550049753,0.0659491593668,0.086759631043,0.246729452104,0.0609142606098,0.0609041320689,46
0.0922796844808,0.171428268869,0.0643751645618,0.0849998144334,0.0713813067882,0.0728267820295,0.314038959658,0.0643551346018,0.0643148845778,47
0.33304417655,0.0740414603525,0.0590832705753,0.199714864304,0.0632094345664,0.0608157754314,0.0933858951699,0.0583586910109,0.0583464320404,48
0.241621941097,0.0885781536628,0.0678889309221,0.223011107818,0.0738302045759,0.0758658619434,0.0826897914554,0.0678554919139,0.0786585166123,49
0.0730890844677,0.176862347885,0.063804462309,0.0705978507111,0.0685126546417,0.0716668671336,0.347979112713,0.0637484846717,0.0637391354671,50
0.210759317574,0.14610931805,0.0806646315513,0.134785323712,0.0860449897985,0.0876660726558,0.0925420517688,0.080742391902,0.0806859029873,51
0.292902361537,0.0619237752267,0.0604981937366,0.0762131398651,0.269618254212,0.0612651537647,0.0633732308959,0.057106354925,0.0570995358363,52
0.228753035156,0.131444535406,0.0713701565036,0.167615310186,0.0772477090345,0.0750813389405,0.105745171454,0.0713955264968,0.0713472168219,53
0.0803138691141,0.120479871044,0.0701114711191,0.0775763793327,0.0758853670262,0.0798780142782,0.355577608782,0.0700917887998,0.0700856305038,54
0.0989946056098,0.120483099919,0.0820971359595,0.117840062587,0.0938463396105,0.0858976920964,0.236599605962,0.0821310477683,0.0821104104873,55
0.0883222730837,0.124212597237,0.0695399645166,0.076944023282,0.0752667950921,0.0720749888944,0.354556377874,0.0695423976481,0.0695405823722,56
0.0632383273872,0.0576466271107,0.0824055937306,0.519993935852,0.0551057148156,0.0550403711811,0.0601762623425,0.0531917412369,0.0532014263433,57
0.223979653446,0.135777180337,0.0619564856478,0.0806095141627,0.0608090054343,0.0610329230869,0.256541220155,0.0586354601323,0.060658557598,58
0.0911522784984,0.121367847311,0.0758173903691,0.147278170541,0.0795362262981,0.0901503232282,0.248262360481,0.073221727973,0.0732136753012,59
0.0628013475346,0.0584424826642,0.0538582311858,0.0634370884567,0.0571611957551,0.536641587721,0.0598104513888,0.0539156174843,0.0539319978099,60
0.090393391086,0.184238339573,0.0615758908746,0.070667578059,0.0813026895928,0.226370323604,0.162222177474,0.061621726406,0.0616078833308,61
0.0709618702452,0.0829517379653,0.0619474714782,0.0685431423616,0.0653769216562,0.0643139029712,0.462049738048,0.0619157878357,0.0619394274383,62
0.213698180351,0.0803172240495,0.0739616731137,0.1458427262,0.0800526450311,0.11144654075,0.146939191893,0.0738600899024,0.0738817287097,63
0.315907469341,0.0652135643199,0.0600072310875,0.24693235921,0.0616773673892,0.0628050044451,0.0672731508029,0.0600977260088,0.0600861273958,64
0.0628013475346,0.0584424826642,0.0538582311858,0.0634370884567,0.0571611957551,0.536641587721,0.0598104513888,0.0539156174843,0.0539319978099,65
0.0703009794082,0.130602897246,0.0612901977715,0.0791611102404,0.0664245874783,0.0673523996303,0.402193473094,0.0613344283361,0.0613399267953,66
0.0922868914553,0.162135300138,0.072150591174,0.272066900829,0.0804073322285,0.076251014225,0.1003908649,0.0721168600752,0.0721942449749,67
0.117410504684,0.191824937264,0.0722981210505,0.0898758752809,0.0883345446642,0.0773101609197,0.128093690069,0.162565505418,0.0722866606506,68
0.155780347858,0.117562657997,0.076724031562,0.180215428166,0.0831395048491,0.0799911198552,0.153073869395,0.0767497662926,0.0767632740244,69
0.0738105755173,0.0907768318034,0.0894360306605,0.0712947498142,0.0731504956646,0.0678008913619,0.404975097028,0.0643682039614,0.0643871241889,70
0.276327723994,0.0873882817342,0.0714741004309,0.0982810935168,0.0777886359283,0.0830951063817,0.162657826076,0.0714970838786,0.0714901480597,71
0.462156936556,0.0989932301387,0.0588097382418,0.0704149466173,0.0627130195225,0.0634736644832,0.0659425355253,0.0587316602623,0.0587642686528,72
0.0941197855299,0.232908053429,0.0851763249388,0.0909117225395,0.0836576417394,0.117736582236,0.131266605952,0.082113635652,0.0821096479833,73
0.0654055094628,0.149956729195,0.0571016366587,0.0631761695521,0.061799053462,0.0614802379474,0.426751419016,0.0571841153057,0.0571451293998,74
0.280678244514,0.0664484771006,0.197164889062,0.128894640382,0.0605592120711,0.0641710086593,0.0867607217266,0.0573060645559,0.058016741929,75
0.0901992401494,0.114636061266,0.0746795394557,0.171588250599,0.0833299743919,0.075958964559,0.245776307748,0.0719091732008,0.07192248863,76
0.342751980493,0.0704712866881,0.0628167026327,0.128138258383,0.0680595467971,0.0670337508628,0.134237842286,0.0636972375941,0.0627933942628,77
0.237326329788,0.0897548508529,0.0689928477224,0.228140572551,0.0794867061706,0.0719211412963,0.0863048171579,0.0690005141473,0.0690722203137,78
0.0672184343145,0.059376430992,0.0647031637994,0.0702762279296,0.477889699224,0.090191110111,0.0607662607336,0.0548032972159,0.0547753756801,79
0.18990814789,0.132199669283,0.0625606228238,0.0860601771208,0.0678014383139,0.0666612401841,0.264352106538,0.0625737775746,0.0678828202714,80
0.138353343574,0.121668924261,0.0633753917744,0.231249218595,0.0686648655768,0.0663092545861,0.183689147998,0.0633490299085,0.0633408237253,81
0.0821374774678,0.0761316234463,0.100323120606,0.120127024923,0.386590653088,0.0646952940143,0.0614831129605,0.054251793226,0.0542599002669,82
0.0737364931547,0.11310150043,0.061150351238,0.166641963272,0.08573150477,0.0632829237243,0.314006529909,0.0611727400689,0.0611759934336,83
0.0676247636482,0.0816982575912,0.0590342828176,0.0738441177229,0.0638959381001,0.0615309424657,0.474355932407,0.0590017945997,0.0590139706477,84
0.201407636106,0.0953706142755,0.0721392721359,0.211849616428,0.0761832681228,0.104078877952,0.0946675755619,0.0721571172807,0.0721460221371,85
0.200478756023,0.1061162378,0.0766477927022,0.184096649776,0.0967333093368,0.0804931091588,0.102350358538,0.0766527506619,0.0764310360039,86
0.200905840829,0.0883294460868,0.0917882285849,0.184761673502,0.0753683913226,0.0819389063588,0.114165666989,0.0699351540299,0.0928066922967,87
0.403209133135,0.0728207222714,0.0525747375356,0.183362874946,0.0580420157583,0.0580591965509,0.0667409012862,0.0525788985631,0.0526115199528,88
0.0690845116986,0.0928279087892,0.0603085967612,0.0667297733836,0.0655805746803,0.0635367187926,0.461329464599,0.0603042849971,0.0602981662983,89
0.101509062817,0.140766261478,0.0741536021013,0.088820062776,0.0805992176114,0.0896312901859,0.276313662739,0.074103304579,0.074103535712,90
0.176441567624,0.114968669966,0.102240690054,0.152435436186,0.0821712851282,0.0920690258727,0.127292018431,0.0762140652799,0.0761672414587,91
0.268932432443,0.0649621758037,0.0598231030248,0.079819127896,0.273242029489,0.0670316661443,0.0664827516029,0.0598651128291,0.0598416007667,92
0.209330195441,0.111022379709,0.0731966516983,0.106610789782,0.08486026375,0.0804523730193,0.188054392573,0.0732429581729,0.0732299958539,93
0.191423645999,0.0824076471879,0.0758089696405,0.158921136753,0.0802708989713,0.0795164894647,0.167797629365,0.0759264377562,0.0879271448626,94
0.138254833407,0.088444607186,0.0813625284767,0.156091298731,0.0881532551424,0.0846550413162,0.200392209938,0.081341275753,0.0813049500495,95
0.222728673329,0.124611022186,0.100673264416,0.176123094948,0.0686213486847,0.0876187925291,0.0927500346579,0.0634528709627,0.0634208982872,96
0.125565044999,0.157943316144,0.0802047334063,0.123501348941,0.0869236276603,0.107038432895,0.158401533269,0.0802085745975,0.0802133880886,97
0.367726357101,0.0642268993373,0.0508221169554,0.217686490538,0.060410366928,0.0542494154123,0.0831383850355,0.0508541582246,0.0508858104671,98
0.062384508633,0.106687115635,0.153128262315,0.0602581392178,0.0592526547007,0.0827585343782,0.366489298418,0.0545236356737,0.0545178510283,99
0.0744743420599,0.19455182725,0.0553789845448,0.0612752955192,0.0636092281863,0.0609725660771,0.372375512896,0.0619613456332,0.0554008978331,100
0.150847548965,0.101365139537,0.0685233426668,0.272959902802,0.074263665884,0.0777846357325,0.117165794425,0.0685510898513,0.0685388801363,101
0.0822261574687,0.0620636097827,0.0570939526894,0.0996878384208,0.0618591613701,0.0594043844792,0.435192702501,0.0571395047895,0.0853326884984,102
0.152788086804,0.216927916149,0.0763717189268,0.121165271649,0.0806445459954,0.0996855893962,0.0998365693304,0.0762917053614,0.0762885963879,103
0.0811050168524,0.288094215063,0.0901962289979,0.0816669722425,0.0830611396904,0.0830535853174,0.116500050088,0.0939493147767,0.0823734769721,104
0.157423200757,0.171897075169,0.0753995735836,0.133475646945,0.0817159309878,0.0811807455606,0.148079035354,0.075415737752,0.075413053891,105
0.126434494756,0.283250965415,0.0757102202093,0.0838810425884,0.084382092403,0.0989184431304,0.0959458427596,0.0757448024887,0.0757320962497,106
0.284872175101,0.0925526631153,0.0870821441231,0.158887917717,0.0714934745227,0.103642433876,0.076790284416,0.0623616963414,0.0623172107875,107
0.0910569191528,0.11756853291,0.0717293103128,0.129289016388,0.0777382031852,0.0754868474283,0.293578760577,0.0717741637113,0.0717782463343,108
0.102290907882,0.131796836105,0.0816189727683,0.112695923364,0.0883405469313,0.113866572761,0.206210387572,0.081607786792,0.0815720658245,109
0.0649711704044,0.0834637860952,0.056718520857,0.0889224107492,0.260055125385,0.0972703836479,0.228467676455,0.056783885969,0.0633470404375,110
0.094264109686,0.0966869463169,0.0792471377177,0.14380321827,0.0768487895152,0.0739732318175,0.293119154506,0.0710503986643,0.0710070135058,111
0.154360864278,0.193625857866,0.0774097544788,0.0838359584133,0.0861704491452,0.175323173354,0.0974129763397,0.0623717717707,0.069489194354,112
0.240377858761,0.112714542704,0.0708102164,0.190023901728,0.0715011353343,0.101660488279,0.0804254214811,0.0662617385472,0.066224696766,113
0.29088153232,0.0966118848051,0.0644927634446,0.138265981299,0.0698954378171,0.0678611536486,0.142918180286,0.0645588047983,0.0645142615805,114
0.0754243378173,0.104270567788,0.058959930078,0.0652375114678,0.0789402325133,0.0745103276366,0.424741378159,0.0589796818079,0.058936032732,115
0.24620986361,0.0724434056754,0.0866579073047,0.159649923422,0.0786650051641,0.0830124826604,0.140096030592,0.0666427520942,0.0666226294773,116
0.107765197963,0.121876145467,0.0774763552345,0.0811386607789,0.0763138463376,0.112766455972,0.281999132579,0.0704097769791,0.0702544286895,117
0.258462374822,0.087313193541,0.0707801267325,0.16613477171,0.0759730266767,0.0735717164944,0.126289790066,0.0707427008475,0.0707322991096,118
0.0767149738116,0.0874831231743,0.0633946146532,0.0851456966145,0.0715245904255,0.0741580784657,0.414761010124,0.0633995743176,0.063418338414,119
0.230619350185,0.150872581001,0.100981529803,0.103888805604,0.0737771931669,0.0829001549716,0.10321726339,0.0682602636015,0.0854828582777,120
0.208876795316,0.123942685348,0.0808735949475,0.108319927091,0.0875337849479,0.0915121505345,0.137381953834,0.0807579593626,0.0808011486182,121
0.0666044221964,0.179348928918,0.0581435569564,0.0643342174712,0.0650567595885,0.0720491125214,0.378088647483,0.058174112137,0.058200242728,122
0.0655632223733,0.0789015939366,0.255375358516,0.0674427071625,0.0622378836503,0.0595271906261,0.2963789457,0.057299841394,0.0572732566408,123
0.171714628008,0.114751556282,0.0602897736141,0.233943579063,0.0636704199659,0.0753772218741,0.159812194325,0.060253301035,0.0601873258325,124
0.0866125131894,0.197120134065,0.0663303777901,0.093344075837,0.0718319999621,0.12793764199,0.22430597507,0.0662789911177,0.0662382909794,125
0.073352770831,0.197753363275,0.0639508278429,0.0738610129415,0.130179082534,0.0918966525615,0.241024789931,0.0639890098085,0.0639924902746,126
0.203306158588,0.0979330739243,0.0691848861907,0.155530249173,0.0745789157102,0.0970223141666,0.164186396581,0.0691432840503,0.0691147216173,127
0.221635541989,0.17770549288,0.0929969241545,0.0974752014472,0.0699693293817,0.117103437675,0.0904175528797,0.0663493265345,0.066347193059,128
0.139245066207,0.127009934768,0.0993455581505,0.175189693161,0.0829449164218,0.0853745384579,0.12665229468,0.0786894895882,0.0855485085652,129
0.11160074159,0.173655812327,0.0750976132891,0.102080025003,0.0812821333837,0.121676637406,0.184553718933,0.0750339709652,0.0750193471037,130
0.0673182774974,0.13056032101,0.058766730088,0.0650237410894,0.0802257714098,0.0712573515681,0.409327792669,0.0587212030337,0.058798811635,131
0.0811050168524,0.288094215063,0.0901962289979,0.0816669722425,0.0830611396904,0.0830535853174,0.116500050088,0.0939493147767,0.0823734769721,132
0.121814316375,0.235865573929,0.0643867737714,0.0772391138932,0.0687119207869,0.068155467167,0.23520121406,0.0643304803499,0.0642951396668,133
0.20238878404,0.162721365687,0.0782664142257,0.129209852182,0.0925343798679,0.0882779472591,0.0902322179548,0.0782190840265,0.0781499547568,134
0.131022847789,0.141766662486,0.0762368502947,0.133376308135,0.0708443671967,0.0703803833387,0.245639868368,0.0653837411342,0.0653489712576,135
0.0875121289896,0.101122884012,0.0697608538244,0.0805420251484,0.0811061541831,0.0803129497756,0.359991604144,0.0698321857496,0.0698192141737,136
0.122971979937,0.267063370917,0.0641279049531,0.0825019548456,0.0692873147446,0.112561199675,0.153252644367,0.0641045529989,0.0641290775617,137
0.08785438517,0.142642754171,0.0691715760254,0.0781887131593,0.0762705728824,0.0721348815441,0.33546402519,0.0691272212837,0.0691458705739,138
0.0632383273872,0.0576466271107,0.0824055937306,0.519993935852,0.0551057148156,0.0550403711811,0.0601762623425,0.0531917412369,0.0532014263433,139
0.118155628391,0.0913244918726,0.0638406903799,0.133537114111,0.0691689992051,0.0675318232622,0.328741384931,0.0638557355047,0.0638441323424,140
0.062108343319,0.212027673722,0.0542186220997,0.0599913869694,0.0638972944542,0.0562530134215,0.382995880059,0.0542638217635,0.0542439641917,141
0.0716090622374,0.131663448282,0.0625124496467,0.0965383018696,0.067098777918,0.0741247527258,0.371467937366,0.0625022110549,0.062483058899,142
0.112712287478,0.0974780307985,0.0703438110242,0.0909110266519,0.071961868867,0.0701518239938,0.326540710345,0.0666831473827,0.0932172934587,143
0.223979653446,0.135777180337,0.0619564856478,0.0806095141627,0.0608090054343,0.0610329230869,0.256541220155,0.0586354601323,0.060658557598,144
0.195568997177,0.111545004749,0.0831626965335,0.168635600631,0.0909364266303,0.0886783444925,0.0952074137241,0.0831293190998,0.0831361969636,145
0.0727718718538,0.159479918389,0.0657439484841,0.0702914502558,0.0687592350577,0.066845573002,0.347301427698,0.0852141979579,0.0635923773024,146
0.0832096089042,0.0603572110744,0.0552971911911,0.507015652604,0.0602850556302,0.0575992113717,0.0656019586817,0.0553060549605,0.0553280555822,147
0.107443845043,0.124163034623,0.0809304852788,0.158071321758,0.101800421936,0.10165283652,0.163992190451,0.0809831048734,0.080962759518,148
0.0722020695492,0.0917581103234,0.0630301263004,0.0697410696028,0.0682208516191,0.0663221734991,0.44267494112,0.0630341799497,0.0630164780364,149
0.316094709421,0.0847934356177,0.0876247588448,0.137108046723,0.0721740542274,0.0717766114874,0.0967374328543,0.066852734432,0.066838216393,150
0.0758424906543,0.207374993079,0.0732543771148,0.0732574073374,0.0873663685964,0.094932027484,0.255472910426,0.0662223707921,0.0662770545154,151
0.0672184343145,0.059376430992,0.0647031637994,0.0702762279296,0.477889699224,0.090191110111,0.0607662607336,0.0548032972159,0.0547753756801,152
0.0580808438033,0.385549427507,0.0534201962141,0.0849550617784,0.0684791473983,0.0666818817974,0.167782209422,0.0643037851831,0.0507474468966,153
0.161149858633,0.0728318476223,0.0774119293671,0.354540968584,0.0687168123444,0.07363811735,0.0743815357136,0.0595947988691,0.0577341315159,154
0.116299732398,0.166000344362,0.063284957528,0.108092417104,0.0685864518344,0.0662335308988,0.284861674916,0.0633170418238,0.0633238491354,155
0.101488434443,0.249859033393,0.0852052825075,0.094264581542,0.0948276557438,0.0978199922499,0.106338875716,0.0851220699609,0.0850740744445,156
0.11243217605,0.0892881496018,0.115147286521,0.215056619119,0.0923537743412,0.105239387079,0.106118678836,0.0822073414377,0.0821565870143,157
0.0854733056079,0.341247722528,0.0625011387932,0.083834330039,0.0658451093875,0.0661587223012,0.158623256799,0.0737839739629,0.0625324405812,158
0.0729417227628,0.169068386119,0.079241357374,0.0794197689199,0.0664584705812,0.11848171651,0.280860627991,0.064437285378,0.0690906643638,159
0.293042333199,0.0770619111821,0.0709639551394,0.180400142028,0.0755145871585,0.0795899775427,0.0804435231745,0.0709962260796,0.0719873444962,160
0.0811050168524,0.288094215063,0.0901962289979,0.0816669722425,0.0830611396904,0.0830535853174,0.116500050088,0.0939493147767,0.0823734769721,161
0.0983351478811,0.103733967648,0.0788507337987,0.0910698933227,0.085456201079,0.131723020791,0.253004781925,0.0789073747078,0.0789188788466,162
0.205956359191,0.0800662533901,0.0735918178598,0.203882773387,0.0928274323688,0.0792569662166,0.117139084874,0.0736885258264,0.073590786886,163
0.274141021643,0.110414725127,0.0679701566117,0.168801929723,0.0736431213489,0.0719000464452,0.0963350977318,0.0680063180306,0.0687875833382,164
0.0811050168524,0.288094215063,0.0901962289979,0.0816669722425,0.0830611396904,0.0830535853174,0.116500050088,0.0939493147767,0.0823734769721,165
0.173989170541,0.205394639047,0.0752440685037,0.0960003400473,0.0812168213783,0.113797570867,0.101765660274,0.0773225340379,0.0752691953039,166
0.0689502981769,0.118846732341,0.0601126392156,0.0666001345157,0.0646892320089,0.110152554684,0.390260771563,0.0601741765228,0.060213460971,167
0.0930063773578,0.136515416979,0.0658891140393,0.0899175271012,0.0713152858168,0.112735977414,0.298959675014,0.0658402136095,0.0658204126684,168
0.392972441,0.068148493807,0.0627558619187,0.111559122455,0.0682107575066,0.0659568715116,0.105011393403,0.0626871490179,0.0626979093803,169
0.197740743498,0.188363806407,0.0758275493456,0.116270120898,0.0802723584046,0.102085939288,0.0877744522169,0.075839343108,0.0758256868325,170
0.08753341058,0.217134554352,0.0763138734514,0.0900427093571,0.0839014699058,0.100658044031,0.191675820883,0.0763640989814,0.0763760184584,171
0.135172656589,0.106709255515,0.0733868310835,0.189095568755,0.0794304629866,0.10225398455,0.163873937235,0.0767759064301,0.0733013968569,172
0.383446933865,0.0749540900992,0.062173055301,0.150439142763,0.0611250548165,0.0591769229027,0.0959682041766,0.0525420299395,0.0601745661369,173
0.310954993472,0.0625594825228,0.0704647568873,0.120906196091,0.19080994936,0.0650459476442,0.0640238182529,0.0576391490572,0.0575957067121,174
0.115247300175,0.117450793525,0.0582222346804,0.122199046116,0.0828968884109,0.0610495734448,0.326606526702,0.0581692033418,0.0581584336033,175
0.0718494684389,0.0887417425522,0.0626212112386,0.0710073923345,0.297890582966,0.0651743707845,0.21728266565,0.0627002182504,0.0627323477852,176
0.149924108527,0.100317069146,0.0542238894975,0.250794089276,0.060214191226,0.0569306373818,0.201433343363,0.0594516367845,0.0667110347973,177
0.22312809433,0.0788423797703,0.0658427203183,0.257040848995,0.0964753886404,0.0669509540938,0.0835772055274,0.0640615041455,0.0640809041797,178
0.079063035239,0.151628691761,0.0630903978957,0.0958631014342,0.0682804749678,0.0696209894716,0.346130023324,0.0631815268188,0.063141759088,179
0.0797545347242,0.12515395632,0.0665608926594,0.0709038708934,0.0704287529191,0.0675260024564,0.39155939062,0.0640671488297,0.0640454505776,180
0.141608846542,0.168836867151,0.0769294532752,0.112686135017,0.0833739714429,0.0804422274114,0.182210766888,0.0769538582798,0.0769578739938,181
0.0736299966418,0.0843925422764,0.0579768612548,0.065529280937,0.0627462776532,0.060455617276,0.479285394837,0.0579818594265,0.0580021696972,182
0.109035219955,0.157062789202,0.0730873243022,0.0862947446413,0.135113259602,0.0948996337555,0.198276251606,0.0731217076945,0.0731090692415,183
0.221346814437,0.0974436592797,0.0635022991075,0.203301746193,0.0642809838697,0.129675228777,0.0681661730679,0.0629826378598,0.0893004574083,184
0.201450323316,0.0938189323647,0.0663932387723,0.249565309742,0.0722588944503,0.0689578382258,0.114733206323,0.0664273731543,0.0663948836511,185
0.101744792285,0.0611235454877,0.0562868020454,0.480148027587,0.0623550627283,0.0594945141403,0.0662431576443,0.056292903214,0.0563111948678,186
0.0715937618952,0.265638533577,0.0623739656334,0.0691534960512,0.117995034462,0.0695923443289,0.218717549611,0.0624729747811,0.0624623396595,187
0.086918700614,0.117765706356,0.0623686757895,0.134376920837,0.0655998087727,0.0660185075267,0.342413845961,0.0623426346773,0.0621951994657,188
0.0815989350612,0.219541566866,0.0955424319437,0.0788176439421,0.0785187545668,0.103412995254,0.197678669557,0.0736728332292,0.0712161695806,189
0.0794737359162,0.232091629533,0.069378061372,0.0848301584997,0.0889120274681,0.0947239425649,0.211853700131,0.0693784382907,0.0693583062246,190
0.075050334956,0.0782050288873,0.061035567335,0.105646431781,0.0661846623045,0.0748309043712,0.416968133344,0.0610419779724,0.0610369590491,191
0.0660681321843,0.13534057054,0.0576753927139,0.0638162068478,0.0636187473906,0.0597779035153,0.438312208169,0.0576907334349,0.0577001052041,192
0.136604269716,0.0733710710013,0.0674959847032,0.318695367388,0.0731293738289,0.105548483336,0.0901872491858,0.0674805511515,0.0674876496882,193
0.236140532763,0.0592955492807,0.0620210980936,0.0862599746661,0.306257003638,0.0748945452546,0.0655331367872,0.0540049553078,0.0555932042094,194
0.0848937749423,0.200935617853,0.109325468604,0.0820001795524,0.113700972426,0.0796607903007,0.157242047923,0.0982613417788,0.0739798066198,195
0.0632383273872,0.0576466271107,0.0824055937306,0.519993935852,0.0551057148156,0.0550403711811,0.0601762623425,0.0531917412369,0.0532014263433,196
0.417140371717,0.0832057967769,0.0579602726292,0.124818703057,0.0607595959372,0.071136342517,0.0690914394399,0.0579488609802,0.0579386169459,197
0.0802588229932,0.117841560842,0.0683166318451,0.103859771421,0.0737512670507,0.342763166963,0.0756007959551,0.0692815994317,0.068326383498,198
0.186863741624,0.105395932119,0.0667139020629,0.0948132292371,0.072302645198,0.0711470331091,0.269328794262,0.0667031152551,0.0667316071329,199
0.254097430137,0.0956712610841,0.0757313370358,0.126221061309,0.0817129729862,0.0828240332739,0.132187200668,0.0758075398975,0.0757471636089,200
0.0811050168524,0.288094215063,0.0901962289979,0.0816669722425,0.0830611396904,0.0830535853174,0.116500050088,0.0939493147767,0.0823734769721,201
0.23745281169,0.0610403406003,0.0562148009831,0.0811187569213,0.142381304593,0.245500557946,0.0637188979397,0.0562919025375,0.0562806267895,202
0.125982435595,0.129145900828,0.0669696270121,0.121646331726,0.0726497863828,0.0709613741545,0.278739676229,0.0669693406898,0.0669355273823,203
0.0758418107414,0.23659372938,0.0661449467619,0.111713051822,0.087174759418,0.0935586061305,0.195362493647,0.0661704919087,0.06744011019,204
0.12951348267,0.0815724086525,0.0760965901253,0.104576499391,0.288851717418,0.0857375380195,0.0834817817445,0.0750422787539,0.0751277032258,205
0.192494502954,0.109612256158,0.0761969834668,0.1936337033,0.082580141326,0.0801885594657,0.107364576693,0.0762324177002,0.0816968589362,206
0.194460463265,0.179641672336,0.0744588296243,0.101235551855,0.113539241992,0.0911584798258,0.0967250548145,0.0743742317066,0.0744064745818,207
0.082228893472,0.170740568736,0.0914460830375,0.0794261302867,0.095409935161,0.0746787072323,0.239191059386,0.0951563530942,0.0717222695946,208
0.17178343056,0.102417315095,0.090629487177,0.146587888648,0.105568988824,0.09757186407,0.10386631248,0.090809487064,0.0907652260821,209
0.11274058945,0.0726423798335,0.0668941440025,0.196531646542,0.0727087493608,0.0695822159323,0.275226288876,0.0668472127405,0.0668267732629,210
0.082774497284,0.0892163610467,0.0719159572047,0.0959355692627,0.0787617511271,0.0790768315069,0.362284930368,0.0700282890267,0.0700058131729,211
0.129959550156,0.0648617180686,0.0661441693289,0.428060609349,0.0623058686337,0.0627757968766,0.0663799424441,0.0597803782565,0.0597319668859,212
0.119113801836,0.109605414444,0.0717992479197,0.169656346913,0.0775407757567,0.0971402934755,0.204663073523,0.0718440937684,0.0786369523649,213
0.156179437781,0.114694050206,0.0694759830351,0.169795312362,0.0751256023979,0.0734174828229,0.202498153317,0.0694246944102,0.0693892836679,214
0.0650885212936,0.104708459269,0.0568248932557,0.0628699858912,0.061499544002,0.0615295944203,0.473705097651,0.0569086237172,0.0568652805003,215
0.0707195615783,0.110970697945,0.0539843449359,0.0621242683553,0.397892342101,0.0586639775031,0.137742291444,0.0539545704969,0.0539479456407,216
0.0675832242209,0.460529644342,0.0718342325276,0.0715053072475,0.0575933171951,0.0596713697886,0.100966241569,0.0546430539157,0.0556736091936,217
0.0811625305313,0.09383694999,0.101618951284,0.0876235687992,0.0740911976805,0.0742514889803,0.350155560866,0.0686248050165,0.0686349468522,218
0.138380487878,0.0741391306385,0.0886863593811,0.170643260589,0.226363678338,0.0898131993233,0.0753903632923,0.0683073329259,0.0682761876337,219
0.0942588319279,0.180316868186,0.0779194115365,0.0918436745329,0.0850522684436,0.141541776127,0.179021714002,0.0750382388771,0.0750072163676,220
0.0846660472012,0.119301612282,0.0696836967203,0.0925720026647,0.0755212248761,0.0728850208626,0.34595768011,0.0697117834563,0.0697009318272,221
0.0828406140381,0.0966063351128,0.0723172396335,0.106402720685,0.0782727873814,0.125550852508,0.293426930639,0.072308559676,0.072273960326,222
0.0632383273872,0.0576466271107,0.0824055937306,0.519993935852,0.0551057148156,0.0550403711811,0.0601762623425,0.0531917412369,0.0532014263433,223
0.0811050168524,0.288094215063,0.0901962289979,0.0816669722425,0.0830611396904,0.0830535853174,0.116500050088,0.0939493147767,0.0823734769721,224
0.118059116032,0.0752759726806,0.069319339041,0.140091512103,0.0750280004281,0.0791410303742,0.304595805398,0.0692391473226,0.06925007662,225
0.205729690814,0.0986502494453,0.0714557117709,0.192074995592,0.077682825973,0.0745442066903,0.136992158529,0.0714614354709,0.0714087257145,226
0.106279315044,0.142556377248,0.0637454496423,0.240631452622,0.0812899144333,0.0718499769221,0.166239518465,0.063710843011,0.0636971526115,227
0.0848937749423,0.200935617853,0.109325468604,0.0820001795524,0.113700972426,0.0796607903007,0.157242047923,0.0982613417788,0.0739798066198,228
0.0811050168524,0.288094215063,0.0901962289979,0.0816669722425,0.0830611396904,0.0830535853174,0.116500050088,0.0939493147767,0.0823734769721,229
0.0924714974389,0.134872755418,0.0776246142247,0.211446491694,0.0825988633298,0.080940172483,0.164902691569,0.0775915296335,0.0775513842084,230
0.0726911986103,0.120678689767,0.063374052205,0.0702135267513,0.0686830101322,0.082783852798,0.390260397051,0.0633976665353,0.0679176061499,231
0.183426448598,0.106803587175,0.0538069167596,0.0846493995687,0.0578302518347,0.0642843382607,0.341460107258,0.0538839006775,0.0538550498679,232
0.165837191496,0.162574326399,0.0671532732464,0.175107689695,0.072683552434,0.107726347308,0.114687689382,0.0671153252264,0.0671146048119,233
0.0809036338121,0.12157592337,0.06449066239,0.0744598786971,0.0695868141594,0.0737934514572,0.370499144213,0.0801706021166,0.0645198897852,234
0.43051585053,0.0623261803485,0.0638075401214,0.0986641948674,0.0969879397047,0.0597057944791,0.0633780479839,0.0631873240526,0.0614271279121,235
0.34717927057,0.12713728802,0.0649181142766,0.0797727421335,0.0970155238089,0.0757897458599,0.0783590166842,0.0649213842314,0.0649069144163,236
0.345953126786,0.0711450073742,0.0739572997076,0.12740762025,0.0790548922249,0.0764782428982,0.0841357260473,0.0655553957469,0.0763126889643,237
0.150523697631,0.0932060297706,0.0602278738192,0.277025261424,0.0652732707446,0.0705581767121,0.162739821188,0.0602241083563,0.0602217603537,238
0.173056893781,0.0990608718637,0.0729663635189,0.21182804944,0.0787358453321,0.0768730008856,0.141630948137,0.0729369890904,0.0729110379522,239
0.408848299,0.0601979590014,0.0554390137994,0.136085050528,0.0654287743001,0.0794239648877,0.072795762552,0.055471617902,0.06630955803,240
0.0801732186616,0.0916670774887,0.0631238597723,0.0756088042761,0.0684077096231,0.0654763476265,0.429342261805,0.0630708728042,0.0631298479427,241
0.172170810277,0.080251277416,0.0739009448775,0.12948206683,0.0799869156373,0.0782256481137,0.23837329829,0.0738346999433,0.0737743386154,242
0.0707548272213,0.104347515444,0.059857326955,0.209980198061,0.0645902715968,0.0623264557681,0.301687505756,0.0598607655341,0.0665951336634,243
0.157111909402,0.156944831234,0.0834989582453,0.256583981021,0.0703132307927,0.073350284444,0.0777205294698,0.0622486067057,0.0622276686848,244
0.0644735027389,0.0883029617853,0.0562850135535,0.0636203701122,0.0608116063109,0.0592122334652,0.494680450673,0.0562915945922,0.0563222667686,245
0.0718267731432,0.105518707684,0.0626204239016,0.0693785651353,0.0677206620711,0.083873834136,0.413683079785,0.0626833413205,0.0626946128231,246
0.226924479763,0.172106597756,0.118576746627,0.0841479412853,0.0793149535886,0.0818534276283,0.0910710149238,0.072945383913,0.0730594545148,247
0.32862981794,0.237557898827,0.0484488739314,0.071253123062,0.0467459757329,0.0816136228886,0.089337730636,0.0458628164189,0.0505501405636,248
0.0631713430603,0.157585753086,0.055074397857,0.072467866835,0.0596880788654,0.0770578145585,0.403177742859,0.0566579193116,0.0551190835676,249
0.180482476793,0.0951786406844,0.0707269189445,0.212110110116,0.0933661274284,0.105271083307,0.101445339787,0.070679078562,0.0707402243777,250
0.0941197855299,0.232908053429,0.0851763249388,0.0909117225395,0.0836576417394,0.117736582236,0.131266605952,0.082113635652,0.0821096479833,251
0.0755711667676,0.119945469308,0.0634377384309,0.0845698363645,0.0698301281872,0.0684773774165,0.391447210459,0.0633576766891,0.0633633963775,252
0.0852050425902,0.084654743575,0.0621645372241,0.090104452422,0.0737313780861,0.06937167877,0.410553107224,0.0620991295536,0.0621159305552,253
0.12819779817,0.0862677813588,0.0793600089451,0.122949226329,0.085635039058,0.0824019644743,0.256434341263,0.0794184593995,0.0793353810019,254
0.164890560755,0.123084757269,0.0770469687385,0.162615001019,0.0837440828723,0.0814182004802,0.1531615427,0.0770049133679,0.0770339727981,255
0.170025824764,0.0653839475573,0.0602100759002,0.125962408065,0.0745718163864,0.316434125863,0.0669143958078,0.0602456723023,0.0602517333545,256
0.320033561632,0.0680806193217,0.068159864166,0.198812363971,0.0789815697467,0.0687250195021,0.0719269230112,0.0626188405243,0.0626612381251,257
0.14520979172,0.156898780089,0.089628011746,0.103277590618,0.0964886591313,0.103279553807,0.125902100354,0.0896698834728,0.0896456290609,258
0.159503958265,0.155651005447,0.0740938050124,0.205143947144,0.0777379655657,0.0908768685834,0.0841066460481,0.0787479382303,0.0741378657042,259
0.143054688184,0.0892132350985,0.0640594768641,0.182967620249,0.0691246873105,0.0759897748976,0.247443233991,0.0640774748062,0.0640698085995,260
0.0939201402226,0.0711776092772,0.0654594798168,0.105130482151,0.0712573226174,0.126463756984,0.335646452639,0.0654771391994,0.0654676170925,261
0.253714296922,0.0832415507986,0.0653185481339,0.186594713868,0.0707702027823,0.067838109728,0.141824264001,0.0653240320074,0.065374281759,262
0.0706014171856,0.118985800245,0.0615521271351,0.0725325082775,0.066708459134,0.0888493354286,0.397569659391,0.0616049870155,0.0615957061877,263
0.166453131607,0.0640771739176,0.0589308681215,0.0881969379993,0.370001530156,0.0687233553684,0.0655770343939,0.0590290600228,0.059010908414,264
0.328418461793,0.0625347102589,0.0576081971724,0.071760932847,0.236016092283,0.0644403965797,0.0639984661423,0.0575950805657,0.0576276623582,265
0.0650291076326,0.180730701304,0.0545168149175,0.0784901376728,0.0597189421074,0.0624314521708,0.389959975086,0.0545602693219,0.0545625997876,266
0.0870859381938,0.194858769963,0.0588409548104,0.0651058686662,0.0639903983181,0.0635729924587,0.348988133488,0.058771200706,0.0587857433955,267
0.0666270930237,0.0583003364891,0.0536869952971,0.525394270187,0.0583153123506,0.0560101981617,0.0678983652191,0.0537151225724,0.060052306699,268
0.144838896696,0.13866028329,0.0768192705573,0.128464362899,0.094040634991,0.0805142578608,0.183127001236,0.0767834046226,0.0767518878475,269
0.0809530611357,0.166877763499,0.06928299547,0.184129592869,0.074982501231,0.119761378775,0.165612974407,0.069223632067,0.0691761005459,270
0.0597764524917,0.0695345841926,0.0521872438417,0.0612076316486,0.0550547839058,0.534892049203,0.0627757076889,0.0522844847835,0.0522870622444,271
0.177980457458,0.0942730348047,0.110765814587,0.141861404949,0.0908324975599,0.0853460464146,0.13140064036,0.0878308012904,0.0797093025754,272
0.091901250707,0.116471864318,0.0771459242088,0.231008168324,0.0825288322575,0.0999677538568,0.146757863835,0.0771163420932,0.0771020004001,273
0.204078949251,0.112856222466,0.0702307574266,0.196445022263,0.076122823395,0.0805110890632,0.119376711474,0.0702243573767,0.0701540672834,274
0.170490604896,0.097510578506,0.0594761005319,0.221923068824,0.0646459111036,0.0675680649286,0.199532847591,0.0594338894129,0.0594189342056,275
0.293868315329,0.115579155759,0.0518228806452,0.246915562316,0.0552823581307,0.0543978522532,0.0768935504449,0.053372505984,0.0518678191388,276
0.208543134227,0.0895866186961,0.0905874364899,0.11949046556,0.0809588406019,0.0779651166646,0.183108035545,0.0748922589618,0.0748680932534,277
