class1,class2,class3,class4,class5,class6,class7,class8,class9,ID
0.203554642456,0.087567876764,0.0747666712301,0.241307213794,0.0795734961684,0.0793487890304,0.0846468213216,0.0746858693416,0.0745486198931,1
0.485091621237,0.07035700328,0.0559398422279,0.0860064206802,0.0598586705863,0.0593198304878,0.0712949620595,0.0560705699288,0.0560610795121,2
0.100702027985,0.155623898355,0.0801151727256,0.152770439364,0.076095119901,0.0748227922723,0.217242734964,0.0712536379741,0.0713741764583,3
0.0675777725273,0.118214441182,0.0670965237627,0.159750845898,0.0650756833591,0.136029073283,0.247222960547,0.0674837400541,0.0715489593863,4
0.0728510499729,0.166887493074,0.0540632789842,0.0732924112698,0.0799038072762,0.0732460034796,0.370192787431,0.0555243460304,0.0540388224828,5
0.0949279302486,0.102443392881,0.0927483454015,0.166929675201,0.0914131925302,0.0955795348276,0.184147043082,0.0858980884086,0.0859127974193,6
0.07693726292,0.105563879989,0.070858319569,0.0781782173732,0.090839763724,0.104348100808,0.33411768353,0.0695810688831,0.0695757032034,7
0.184948371172,0.0801474662913,0.0690508538878,0.188430584877,0.0724265589924,0.0708195463008,0.196394950403,0.0679697909558,0.0698118771198,8
0.147385650899,0.13499250826,0.0797614258902,0.131316053833,0.0737436125078,0.0858967602959,0.203250550763,0.068744115217,0.0749093223339,9
0.0630952112438,0.071391525234,0.116726810549,0.0663985459013,0.0865659670876,0.0678535893231,0.413606318203,0.0571934410311,0.0571685914268,10
0.134167148811,0.162165809567,0.064080726927,0.205324425362,0.0680768894723,0.0721506538125,0.167686341952,0.0626736566237,0.0636743474733,11
0.056648359659,0.424430550092,0.0513746706505,0.0575620655996,0.0558867589297,0.0543968895099,0.195616177753,0.0527406411528,0.0513438866542,12
0.186178543408,0.0921407679927,0.0776394567445,0.0963353651456,0.209438121281,0.11569640042,0.0800434469709,0.0712262447966,0.0713016532405,13
0.0689820651602,0.115808065172,0.0623565929966,0.0706475927571,0.06665466183,0.0646183833333,0.42598327537,0.0624733623359,0.0624760010448,14
0.0747910225976,0.233702494043,0.0681784664912,0.075795429128,0.0775268893152,0.150543388615,0.127498601557,0.0675083184623,0.124455389791,15
0.296843631649,0.0647421838685,0.0615522301595,0.195662818331,0.101203316321,0.0928754127699,0.0673658714045,0.0599029527562,0.0598515827402,16
0.0987377536559,0.0902156777463,0.0719631010887,0.0838097989353,0.0767808636958,0.104932604511,0.332245387448,0.0706660732442,0.0706487396747,17
0.0801870291954,0.103897299999,0.0759546237086,0.0814804005371,0.0791171188263,0.0773245217328,0.356989500704,0.0725215542254,0.0725279510717,18
0.0782995829173,0.12298490578,0.0642833985024,0.0720401751542,0.0856618593631,0.06885215918,0.377518855808,0.0661660026493,0.0641930606462,19
0.0736884495167,0.267859377553,0.0746429191701,0.0747800348047,0.0714695119759,0.0891099319937,0.215250309599,0.0666512880604,0.0665481773256,20
0.0593322940945,0.184138611623,0.0541730581374,0.0979346308897,0.0658018372329,0.0846466930388,0.344257832227,0.0555005621998,0.0542144805572,21
0.106656466336,0.13323785431,0.0880551589245,0.137555029309,0.086730160815,0.0897862564292,0.198352487631,0.0798259202088,0.0798006660368,22
0.0861157985908,0.110299742601,0.0814143834878,0.116627350534,0.0742289893627,0.0955788526342,0.298301507452,0.0687142303123,0.0687191450249,23
0.125499718241,0.27321996204,0.0712734831259,0.0827931740915,0.0758530798333,0.0756388787576,0.147852676431,0.0766863279963,0.0711826994832,24
0.0785907194329,0.0856559284651,0.0842020169101,0.191529140341,0.0849223596096,0.0922673519891,0.219038086635,0.0783085600162,0.0854858366008,25
0.0770378119808,0.114006618642,0.0638696186506,0.0708516990915,0.0785059428978,0.0712380936973,0.396877383794,0.0637896148265,0.0638232164193,26
0.0720556543321,0.124727154066,0.0727832200433,0.127978540064,0.0709964646242,0.0778292108426,0.323287818265,0.0651570409905,0.0651848967725,27
0.0915249539026,0.137849367129,0.077552549251,0.201116802455,0.0694120253726,0.0866932815491,0.153854287234,0.0677012949698,0.114295438137,28
0.0944361267568,0.0907208432046,0.0748178489382,0.136604175267,0.0787596319793,0.0762546033895,0.301589853713,0.0734083773755,0.0734085393764,29
0.102693927468,0.29262726298,0.0768414332659,0.077305047385,0.0743924698302,0.085761524906,0.153373483238,0.0685072620853,0.0684975888423,30
0.121897672677,0.153039879316,0.0777333945957,0.177853623542,0.088350196373,0.117458650007,0.108477456377,0.0775604096966,0.0776287174147,31
0.137632119452,0.0760302358232,0.0633593294182,0.312883814388,0.0606906689928,0.0891074219517,0.142987242511,0.0565092487317,0.0607999187315,32
0.0772244330301,0.110570768763,0.0700179840606,0.0784700193745,0.0750722223433,0.0793285272642,0.369590342134,0.0698416753801,0.0698840276506,33
0.0842833459792,0.203441490169,0.085423492156,0.0863183131604,0.0834796578546,0.0963908764806,0.206904639737,0.0763332377081,0.0774249467546,34
0.0974135810036,0.136599071884,0.0684872666202,0.126761589753,0.0729247000648,0.101890069957,0.180739273929,0.0742225263847,0.140961920404,35
0.0796665453755,0.128426899022,0.0656242278188,0.205407086743,0.072573585854,0.0730347352952,0.242061004258,0.0655625484585,0.0676433671748,36
0.274642944973,0.0786853274233,0.0841711314186,0.198448173104,0.0768000329773,0.0757822739931,0.071663240191,0.0698964858075,0.0699103901125,37
0.0974427326346,0.151546447888,0.0694374513804,0.14286400404,0.074371632892,0.0741825919083,0.251622005001,0.069297012148,0.0692361221074,38
0.0831047817674,0.114470476954,0.076285041497,0.0916121206821,0.0800277999951,0.0867148942146,0.317437059426,0.0751981282977,0.075149697166,39
0.0699071414634,0.198525552589,0.056926766757,0.0725648601668,0.0664283488088,0.115843432413,0.305977004056,0.0569223117029,0.0569045820433,40
0.0687887794194,0.162375105764,0.0636638061647,0.073870470154,0.0738016806884,0.0750711129131,0.35537700741,0.0635406138239,0.0635114236624,41
0.0793805850512,0.137048942538,0.0629834713298,0.143063954401,0.0795989210836,0.143211673707,0.228821345859,0.0629448661939,0.0629462398359,42
0.161986114455,0.239665561518,0.0640704928902,0.113925193678,0.0704168078952,0.147402754987,0.0743140710499,0.0641115168737,0.064107486653,43
0.0892674164951,0.0974733331794,0.0722426945594,0.189013728923,0.0744772572873,0.074266941389,0.254764559079,0.0699458381928,0.0785482308944,44
0.197619388957,0.0928418411213,0.0622323077797,0.306925868617,0.0666894325538,0.0660443188318,0.0832699326529,0.0622065119572,0.0621703975299,45
0.0608591308581,0.358966233381,0.0805359069324,0.0619252083795,0.0928532923533,0.079200576903,0.134731199174,0.0551369715737,0.0757914804451,46
0.0648440430483,0.183091928657,0.0587178947818,0.0658899407178,0.0818660722312,0.0629740929551,0.365282986768,0.0586801481544,0.058652892687,47
0.18539206908,0.074467833862,0.0716588335043,0.171634120046,0.0629373738733,0.093514897849,0.222050896345,0.0591506782733,0.0591932971675,48
0.125551673967,0.0928573474888,0.0593886962547,0.353154040047,0.0637478265478,0.0630329924462,0.123520979152,0.0593487246883,0.0593977194087,49
0.0649825642227,0.207333152202,0.0653577632569,0.0660306961602,0.0780691085088,0.0672233703615,0.333407112656,0.0588095628997,0.0587866697322,50
0.146509566574,0.0902433740292,0.0830957343911,0.137474260859,0.0789248486897,0.104367868676,0.206824427481,0.0785873899674,0.0739725293323,51
0.246299226018,0.0609369387777,0.0647501315428,0.0648538695778,0.298344596651,0.082712705165,0.0645581823884,0.0574751277217,0.0600692221574,52
0.13328712888,0.182953291781,0.0940892001178,0.172078155828,0.0668502703435,0.0821922626379,0.149933065038,0.0592669243571,0.0593497010175,53
0.0500951199312,0.219108686782,0.0524879739233,0.0513313681815,0.0502654376827,0.0936354998397,0.378377899587,0.0457600473288,0.0589379667445,54
0.0802553662147,0.192117045429,0.0503145233509,0.147803299612,0.0539700541806,0.0690125136623,0.296616389702,0.0596374552928,0.0502733525559,55
0.0726177031596,0.146316127981,0.0878377141515,0.0744162818897,0.086847909686,0.0713878454533,0.327994449178,0.0663103240499,0.0662716444513,56
0.0613350009778,0.0628108650623,0.0583730593439,0.53107176571,0.0593301238448,0.0588972618337,0.0569480778882,0.0556188137179,0.0556150316216,57
0.0822239476963,0.0764398607339,0.0623024736901,0.264240019907,0.0646021783309,0.0853974759965,0.195259608815,0.0601766312629,0.109357803567,58
0.0775174219468,0.399497503456,0.0852288691124,0.0670524934179,0.07857352583,0.0800586997767,0.0858230531259,0.0594161173726,0.0668323159615,59
0.0646411854608,0.0554294492791,0.0572034878921,0.0609478045276,0.0579252218959,0.54047527888,0.0587234043591,0.0523076659573,0.0523465017486,60
0.0757430818999,0.145228745897,0.0706224145004,0.07696477489,0.112882818599,0.109391344486,0.1880908726,0.0685585064633,0.152517440665,61
0.0706584552363,0.219250651792,0.0648180942976,0.0717981360796,0.0710052105189,0.0678501585142,0.302643160123,0.0679509050681,0.0640252283701,62
0.107301902572,0.0904521355626,0.0735967267205,0.18052352925,0.0805142399196,0.0843622523873,0.209482247305,0.100207219351,0.0735597469321,63
0.341085049424,0.0617329762594,0.0563465753628,0.244337248444,0.0604762648303,0.0597981162756,0.0633433162117,0.0564220694541,0.056458383738,64
0.0642686860468,0.0551100331479,0.0626520873698,0.0605965884831,0.0575914236982,0.537360751768,0.0583850065783,0.0519905715864,0.0520448513212,65
0.0956243948089,0.124981151095,0.100112544857,0.0928610339062,0.059917543647,0.0580699716423,0.358464792968,0.0550112857757,0.0549572813,66
0.082746748372,0.120592455669,0.0567115083533,0.216338130184,0.0607283122592,0.0597973767476,0.28986637217,0.0565795340946,0.0566395621512,67
0.175628402776,0.238609666361,0.0793591341429,0.0900485269197,0.0794704694709,0.0803916935262,0.0904330387662,0.0747475542103,0.0913115138275,68
0.0864400452336,0.086409064624,0.245936253015,0.0983403512661,0.0605584315823,0.125725779736,0.181614855698,0.0567801504823,0.0581950683621,69
0.0780383675405,0.244947848054,0.103130301923,0.0799225537338,0.0798458117652,0.0818476738372,0.190282797804,0.070701324109,0.0712833212336,70
0.115249528737,0.101896518074,0.087240960996,0.167363866269,0.0782719764997,0.0758913482336,0.228279472659,0.0728789980841,0.0729273304473,71
0.464720530174,0.0919035759729,0.0514835135239,0.0776522505053,0.0744197971691,0.0563704334189,0.0637695095105,0.0515272207796,0.0681531689456,72
0.0939426923505,0.337153859903,0.0637299227149,0.0690169900682,0.066006325939,0.122447716599,0.124773740014,0.0614816107143,0.0614471416967,73
0.0595847458647,0.127655823516,0.0540386694089,0.0605458140509,0.0585200465742,0.0577183573639,0.46801189938,0.0540065446876,0.0599180991531,74
0.178846979705,0.0821960636344,0.108121737002,0.241217358981,0.0692087054816,0.0690132674164,0.121396456661,0.0649898791862,0.0650095519331,75
0.0922984885831,0.114663117193,0.0580732141268,0.131924340445,0.0623109722261,0.0675821869958,0.35011698513,0.0580681420464,0.0649625532541,76
0.424398930006,0.0609763082089,0.0528019407848,0.179815438827,0.0600814406805,0.0559938719723,0.0601082707869,0.0529267917354,0.0528970069981,77
0.116030628926,0.104629152321,0.0837958368021,0.23107990978,0.0951342744996,0.0907234659233,0.107027220631,0.0883086714723,0.0832708396445,78
0.0848006007462,0.0586825254407,0.0588104921294,0.0636854068344,0.464335918188,0.0967989999156,0.0621697980963,0.055354378998,0.0553618796517,79
0.0675373703929,0.0762578170045,0.0639760396626,0.149479881167,0.0960569002469,0.0771379284132,0.291268716283,0.0672035051746,0.111081841655,80
0.12335116414,0.125483110163,0.0783438131068,0.166538707674,0.0755118041728,0.0722572890784,0.213225348339,0.0694998464551,0.0757889168704,81
0.108433267989,0.066015336308,0.0684068266287,0.115906522022,0.37704548819,0.0796862170783,0.0663816737652,0.0590968524818,0.0590278155365,82
0.127416508083,0.0911529111848,0.0656180095994,0.161762238567,0.0715383036914,0.0722222102926,0.279192703973,0.0655575268673,0.0655395877423,83
0.0613502013116,0.0992243600597,0.0554983358201,0.0619169173881,0.0688016686547,0.0589118580353,0.474178595213,0.0620822784888,0.0580357850287,84
0.13448706958,0.0859481985452,0.0570560725164,0.26206644398,0.0599809973214,0.108253727652,0.180317066794,0.0560567614056,0.0558336622051,85
0.162466755759,0.0704886184539,0.0622031862872,0.136224572642,0.0604183564039,0.0858162068525,0.311850717562,0.0552680883878,0.0552634976517,86
0.196994444813,0.0805202063129,0.0730112574528,0.217847976666,0.112200564572,0.0915143138706,0.0820781455487,0.0729355241696,0.0728975665942,87
0.488268773798,0.0653017865576,0.0543114359487,0.111756281113,0.0566709089482,0.0570064747229,0.0598611884365,0.053415476999,0.0534076734759,88
0.0620689313812,0.0713479080715,0.0618338469089,0.063070068072,0.102802678171,0.0783015424504,0.448240680602,0.056154015871,0.0561803284722,89
0.0850324220232,0.220970187366,0.0679429313855,0.124947322734,0.0724801504191,0.0724188438339,0.190758742689,0.0987352456959,0.0667141538541,90
0.158379439662,0.0791088558339,0.0650447060791,0.322233402258,0.106730406088,0.0688749871102,0.0718722698097,0.0639111769183,0.063844756241,91
0.249196143908,0.067534227427,0.0645622262685,0.0731127485168,0.267170651188,0.0794702278543,0.0715475220637,0.0637049831935,0.0637012695808,92
0.113477514891,0.115957414641,0.0731775907912,0.141891218567,0.0651860497083,0.061948119819,0.313593573443,0.0558428000304,0.0589257181096,93
0.0794674732312,0.0904426976167,0.0869449726573,0.189994247034,0.0842878593639,0.103997603221,0.214799631006,0.0733912796807,0.076674236189,94
0.0712127134314,0.0758494657714,0.05776351738,0.104143268922,0.0614382060864,0.0768379531562,0.405243874872,0.0865990050499,0.0609119953306,95
0.133650938781,0.107098874255,0.0652166948373,0.253428118906,0.0682311595323,0.0829630646277,0.0910004212711,0.0641594831188,0.134251244671,96
0.099574827316,0.0911093791408,0.0759617263832,0.246831396375,0.0794885526896,0.078439868232,0.179414896572,0.0745985608477,0.0745807924434,97
0.172808324115,0.123960519973,0.0812001424776,0.196676701825,0.087602314266,0.0857471236485,0.0907289800707,0.0806196236354,0.0806562699897,98
0.0666328432345,0.10210657377,0.165301458404,0.0677075932374,0.0656506260389,0.0700205990741,0.341887868986,0.0603451207624,0.0603473164917,99
0.0752409643586,0.165725004401,0.0904524420948,0.0935491201306,0.0661357862364,0.0864598300242,0.290676202532,0.0619813664336,0.0697792837897,100
0.16502006244,0.121796225947,0.0667083272772,0.194163185015,0.0723028325707,0.0966582708702,0.150065143575,0.0666623186986,0.0666236336074,101
0.0639411257589,0.0863553957138,0.0578843040017,0.110819018231,0.0615736846288,0.0618448550261,0.411855990323,0.0578830436415,0.0878425826748,102
0.190912630187,0.0818114802094,0.0691524542645,0.301323373188,0.0735525559528,0.0739880831197,0.0709175295292,0.0691844019066,0.0691574916433,103
0.194527280202,0.145168035712,0.0741358074602,0.089322437103,0.0814488409916,0.109199055457,0.157874207441,0.0742154804299,0.0741088552038,104
0.0630431451477,0.0755798152372,0.0682699701026,0.127204568273,0.0651200395982,0.0833472192717,0.250716122222,0.20814663149,0.0585724886568,105
0.0692693196493,0.403027276074,0.0628218147177,0.072895898272,0.0677358409997,0.0676839069928,0.108452541188,0.0853898258377,0.0627235762682,106
0.127947851012,0.0839565935482,0.102748785526,0.212735483641,0.0994360831361,0.136314704871,0.085228926259,0.0758647911815,0.0757667808244,107
0.200409386455,0.0872302480825,0.0675462969506,0.180106736354,0.0725217091871,0.187752409106,0.0693353224789,0.0675304218229,0.067567469563,108
0.0693124500589,0.275909854537,0.0655059237389,0.0610729578143,0.0583692492429,0.102399045543,0.255299553364,0.0577213338623,0.054409631839,109
0.0762497880817,0.110623314986,0.0697045403119,0.155101301128,0.111262521167,0.0967346965206,0.242409534693,0.0689530580435,0.0689612450686,110
0.0632976200373,0.0764824354588,0.0571560047443,0.23863271662,0.0754990781582,0.0785042533989,0.295356028182,0.0579209659942,0.0571508974065,111
0.135767193188,0.0968941093026,0.0950381710893,0.100850764976,0.0956162750546,0.143717480473,0.154138392596,0.0890096864159,0.0889679269051,112
0.154035524768,0.128985584977,0.0896309551261,0.100687102013,0.130294510562,0.111956187471,0.105257146905,0.0895494618175,0.0896035263615,113
0.508548068091,0.066183820361,0.0555027479449,0.0827291802146,0.0590246249794,0.0604813201068,0.0563891452789,0.0556170665057,0.0555240265179,114
0.0606446238591,0.125679447966,0.0549823430882,0.0616227872767,0.059560985974,0.058745036524,0.468814467027,0.0549662007152,0.05498410757,115
0.136225168783,0.0802062731681,0.0854452705002,0.340582498987,0.0941165849678,0.0602041902078,0.0838733391969,0.0625885929276,0.0567580812612,116
0.105769323747,0.199594790653,0.0631281844391,0.0895104243222,0.0785109199234,0.0753402246015,0.262051777717,0.0630496354677,0.0630447191286,117
0.391748681954,0.0640803896567,0.0504747114802,0.231042114295,0.0540121699293,0.0557078401435,0.0517545366853,0.0505940596635,0.0505854961923,118
0.0670004158137,0.132472568696,0.0606705439874,0.068081094554,0.0668374253891,0.0886876723409,0.373163098151,0.060599239691,0.0824879413772,119
0.10418663306,0.170796736793,0.0757496103108,0.079929882771,0.0798696326921,0.093367497021,0.228150668786,0.0711142959309,0.0968350426346,120
0.0724139068903,0.115894026564,0.0608090926209,0.071690079136,0.0651153160012,0.0696345234189,0.399262475302,0.0657713464585,0.0794092336085,121
0.0549987170014,0.352493485364,0.0737436840093,0.0558858151407,0.0613207526411,0.0541483073291,0.247780114757,0.0498484114922,0.0497807122651,122
0.0607327826357,0.0740858617312,0.21992651636,0.0602523536565,0.0625894366249,0.0583189784586,0.354002762594,0.0550470563942,0.0550442515443,123
0.086106814685,0.112418596769,0.0748077750623,0.142445162301,0.07405015232,0.0781270733213,0.297527103608,0.0672371538757,0.067280168057,124
0.0664114839267,0.232628125037,0.0747210037527,0.0674826635294,0.0647130943592,0.098201493315,0.275734918446,0.0600742596881,0.060032957946,125
0.0765735521878,0.155359902216,0.0693392572249,0.107359049702,0.0919398440229,0.0952391446955,0.265690189185,0.0692693079398,0.069229752827,126
0.482028439194,0.0730660400118,0.0607388291004,0.0890354717918,0.0591121732617,0.0589452467357,0.0657737434818,0.0556995605265,0.0556004958966,127
0.198020237349,0.0744399246588,0.0700696822077,0.251870126423,0.0909576553908,0.0994003035812,0.0774566147184,0.0689313330208,0.0688541226507,128
0.0791992687393,0.260398589317,0.0720113210368,0.133901188976,0.0771122279396,0.076247532574,0.103412023256,0.0718486006059,0.125869247555,129
0.0895385159808,0.111838201057,0.0896819395911,0.120240863789,0.100881497099,0.138083617871,0.203520933375,0.0736977589544,0.0725166722825,130
0.0745893065534,0.11177138642,0.0676298537787,0.0757923898009,0.0714663474931,0.0722529262934,0.391342014684,0.0676067660271,0.0675490089497,131
0.16537607966,0.244681163731,0.0654113284443,0.116309363727,0.0718904559877,0.129560021962,0.0758692791362,0.0654532109574,0.0654490963942,132
0.0915407637772,0.220100486791,0.0539351684421,0.111762279124,0.0630180658556,0.0700313905548,0.28320634668,0.0531934120799,0.0532120866955,133
0.196184749371,0.0798275251192,0.0686661590915,0.226287391599,0.0736945643199,0.0728269447754,0.101910396192,0.112194422994,0.0684078465389,134
0.0652471618486,0.0986165334836,0.0595571127109,0.0988506616484,0.0638975487922,0.118485152131,0.37192143313,0.060369153094,0.063055243161,135
0.092068363907,0.222254374193,0.0760159840762,0.109405903458,0.0719251314813,0.0840083292263,0.221277708396,0.0615047716655,0.0615394335962,136
0.0690220051262,0.242472771552,0.065999548378,0.0600535130521,0.0569120528931,0.0592639819777,0.337544133877,0.0535053652691,0.0552266278741,137
0.0788468679932,0.149288116577,0.0683772769868,0.102239469871,0.0732207671375,0.0730346514733,0.3184800609,0.0682769409319,0.06823584813,138
0.0587848393941,0.0601993406053,0.0975236391435,0.508991081051,0.0568633202224,0.056448455571,0.0545803139983,0.0533063174301,0.0533026925842,139
0.0890699668164,0.14908867764,0.0842157575738,0.117410966335,0.0829644301331,0.0843575199361,0.228218440399,0.0763485754065,0.0883256657602,140
0.0666534590663,0.0805001345337,0.0602516409035,0.0686737794864,0.0638627638111,0.0807666583139,0.458567275784,0.0603644684966,0.0603598196048,141
0.0724762762089,0.137799742284,0.0667498029677,0.0762682340308,0.0697928183371,0.0715706098744,0.374195434445,0.0655968449883,0.0655502368641,142
0.124239125889,0.0942857775076,0.0810601418486,0.213518015388,0.0862715803804,0.0922838476893,0.122763831913,0.0808276571238,0.104750022261,143
0.100617380698,0.0785870237385,0.0634382366304,0.267390798282,0.0664168258982,0.099126630779,0.200744367739,0.061870369778,0.0618083664566,144
0.176219570745,0.0869925032337,0.0926959107218,0.117678385358,0.0844142885414,0.104606098526,0.193413675749,0.0719877109462,0.071991856179,145
0.0573185231566,0.211228270238,0.0552876050218,0.0582430384547,0.0556024237651,0.055040417583,0.403334707944,0.0519758771572,0.0519691366799,146
0.077366233483,0.0674912953722,0.0612493159568,0.491238891322,0.063002651559,0.0596480467691,0.0657980915939,0.057096832214,0.0571086417299,147
0.0695338519699,0.173519714914,0.0629415964484,0.176755045615,0.0731192878146,0.0731538713057,0.245121148635,0.0629329298143,0.0629225534826,148
0.0800460637566,0.206557653094,0.0811288899364,0.0813371614056,0.0777363536449,0.100400981585,0.227903605282,0.0724782974118,0.0724109938836,149
0.171327052251,0.0935940726312,0.0782794763686,0.243208006869,0.0812543337286,0.102054268351,0.0815803898778,0.0761294171873,0.0725729827362,150
0.0602494092266,0.232174547271,0.0545573395076,0.0612211980562,0.0663118771017,0.120650956419,0.295741386725,0.0545545730818,0.0545387126114,151
0.0793740543614,0.0673882968091,0.0856039533232,0.073133374304,0.373360965937,0.122607003433,0.0713929193607,0.0635644116311,0.0635750208406,152
0.0585320734265,0.4775708707,0.0665243799011,0.106519905618,0.0553234883153,0.0529259613395,0.0803652581043,0.0550623943865,0.0471756682098,153
0.0944374367475,0.0814941478339,0.0719845444278,0.346199432693,0.0772611435149,0.0771527949535,0.0871210094218,0.0762582974394,0.0880911929683,154
0.0941774640109,0.114020996642,0.0871258394627,0.132167251314,0.0906905125507,0.092470275769,0.219042239775,0.0851410760719,0.0851643444041,155
0.0590634636595,0.4001855636,0.0535988505433,0.0918608720194,0.0842129899765,0.117014426633,0.0868666554612,0.0535855756379,0.0536116024695,156
0.305081719079,0.0904333136044,0.0706156559721,0.107638279507,0.0763129327772,0.0866215284956,0.122281849242,0.0704331693866,0.0705815519353,157
0.088398821842,0.261507112431,0.0665514993442,0.128353080156,0.0718040508903,0.0752915438652,0.161329467025,0.0665059391749,0.0802584852712,158
0.084242057855,0.265568797963,0.0604998604171,0.0675340433356,0.064302505371,0.0698457891834,0.259268648945,0.0682054963586,0.0605328005712,159
0.0939913965261,0.163120766603,0.0833912633538,0.123265702118,0.128097945106,0.116006250763,0.124147265627,0.083327773747,0.0846516361577,160
0.120766080914,0.262343320476,0.0711481854627,0.0813124751632,0.0961335175745,0.0938944571544,0.145680038751,0.0643716983875,0.0643502261162,161
0.128637366407,0.0924353014161,0.0818543871257,0.287582967513,0.0919593192054,0.0812591917224,0.0801450228362,0.0780633159734,0.0780631278011,162
0.157048005666,0.19388100762,0.0741446830381,0.192252894568,0.0768140940113,0.0919147629208,0.0745980450328,0.0731644434521,0.0661820636912,163
0.496418760429,0.0651176477004,0.053556533984,0.100833573442,0.0569549157592,0.057292163225,0.0625641806766,0.0536668439437,0.0535953808405,164
0.312771801525,0.153557075452,0.0697012420561,0.0918461936365,0.0903929896407,0.0957373253507,0.0630697458858,0.0614689758259,0.0614546506274,165
0.140521165306,0.131024579869,0.0703029836599,0.275105193953,0.0825001934932,0.0819808450862,0.0738965505864,0.0744684931916,0.0701999948555,166
0.0825556185865,0.126906631775,0.0747561672272,0.0921658231782,0.0996824032845,0.119305457376,0.255146501115,0.0747682724049,0.0747131250536,167
0.078349754566,0.171760015853,0.0709489340275,0.0802414589987,0.0781591548568,0.0777986419767,0.274212128188,0.0708627717678,0.0976671397657,168
0.437091221268,0.0739864634113,0.0643432221553,0.133886443441,0.0647145069279,0.0588663693672,0.0582202913793,0.0544471537561,0.054444328294,169
0.112282004883,0.116723094723,0.0645838526611,0.201637775514,0.069303444349,0.084552288265,0.198401423638,0.0879702528116,0.0645458631555,170
0.0794101860398,0.104942798313,0.0792918249616,0.0808012248718,0.0844850941278,0.106089933246,0.321161295772,0.071927679858,0.07188996281,171
0.099758515364,0.156004298247,0.0831030738713,0.133400844089,0.0876153970812,0.0857144074181,0.191338035618,0.081493007927,0.0815724203841,172
0.493775961447,0.0709919940873,0.053858772736,0.0949390400378,0.0577963604862,0.0642762806598,0.0563335808493,0.054017950618,0.0540100590789,173
0.194595750993,0.0678423202362,0.0767658993086,0.207365737042,0.177667603905,0.0822974060799,0.0696120259163,0.0619039643954,0.0619492921238,174
0.0619631266485,0.154716468479,0.0561959916559,0.0629625567689,0.0642174957952,0.089552428701,0.398195868046,0.056100388677,0.0560956752289,175
0.0945143108267,0.0954751210715,0.0681154564752,0.0756854992816,0.242465017217,0.0730881559344,0.214804167044,0.0679256903716,0.0679265817779,176
0.196321569823,0.0789678015981,0.0624459651182,0.129516133439,0.0669839691485,0.0704624640292,0.270348317373,0.0624889871267,0.0624647923437,177
0.254504995956,0.0709407115271,0.0643652836423,0.279538413221,0.0685085620614,0.0670562121557,0.0758410733003,0.0596185496224,0.0596261985136,178
0.0585770854764,0.128433837579,0.0531244866922,0.0595219006715,0.0674584912804,0.0567422601841,0.469940131646,0.0530922550545,0.0531095514164,179
0.09600760535,0.155750047529,0.0885426373163,0.197697212148,0.101629471876,0.0972455905579,0.0892624968635,0.0869472518326,0.0869176865263,180
0.0868878895088,0.103750023271,0.069132084347,0.11098054745,0.0842653180588,0.119308766465,0.279432238434,0.0761943565526,0.0700487759131,181
0.0645075906266,0.0758735780081,0.0586293168055,0.0657170026273,0.0628077015282,0.0629251468927,0.48641169897,0.0645350476997,0.0585929168417,182
0.0801898866412,0.357227120289,0.0684118870263,0.0891767037599,0.0663254928692,0.0599423984147,0.167851964955,0.0554349598538,0.05543958619,183
0.223101352883,0.0635998453032,0.0616822418569,0.320373189466,0.0725718945067,0.0680708638317,0.0673793350194,0.0634172905157,0.0598039866175,184
0.0926364835037,0.285992134248,0.0773062674697,0.0708962829001,0.067987936649,0.0737680759223,0.206077321723,0.0626661879996,0.0626693095847,185
0.0964048555766,0.0690463820689,0.0581397669478,0.468605955311,0.0675913218257,0.0597903633347,0.0659550817877,0.0572174515909,0.0572488215572,186
0.0843113213351,0.294763803856,0.0692189928187,0.0775713245226,0.0929921727834,0.0741385368984,0.168820109229,0.069095318939,0.0690884196177,187
0.10700431278,0.0906066458338,0.0766408847641,0.176634364031,0.0801225079619,0.111237529481,0.204326925203,0.0752252640524,0.0782015658935,188
0.101823667089,0.0994678269104,0.0834190109707,0.196654564431,0.0947496225689,0.105577865128,0.121336440802,0.113580744149,0.0833902579502,189
0.0546096039749,0.272147062462,0.0495263148728,0.0554904259417,0.0563487912068,0.0714920626001,0.341467313694,0.049439677427,0.0494787478207,190
0.0803250160516,0.110667139947,0.0735048720544,0.133292572214,0.0785337884169,0.0783370002262,0.298575711112,0.0734109403588,0.073352959619,191
0.0689898393836,0.356193633514,0.0639814105176,0.0706555546841,0.0844233499777,0.116521120554,0.114370328191,0.0624817217127,0.0623830414651,192
0.177342968081,0.0811293109613,0.0694328485254,0.249121346628,0.0695136772323,0.0994021922386,0.123322652356,0.0653561889767,0.0653788150015,193
0.268135899453,0.0817892641837,0.0841952167362,0.17425237283,0.123545109988,0.0699724399553,0.0712908400323,0.0633895635348,0.0634292932872,194
0.0759782712669,0.234302265158,0.0656847801173,0.0706177086713,0.0930853032382,0.0645902149408,0.273589379145,0.0610774008119,0.0610746766503,195
0.0541992628799,0.0560996807175,0.117782181785,0.474328071502,0.0529908480216,0.0526042362372,0.050863317737,0.0509942584931,0.0901381426262,196
0.361923921204,0.0855198127724,0.067427692006,0.102864086471,0.0774813797232,0.0680040181483,0.118880357055,0.0589648697793,0.0589338628414,197
0.235964443384,0.0736700482682,0.066592096334,0.101535686266,0.0693898695291,0.255490007996,0.0679973933541,0.0646856391222,0.0646748157466,198
0.114624416878,0.110680544528,0.0903416400684,0.172429453108,0.089241285454,0.0863586293057,0.171767400049,0.0964447365202,0.068111894089,199
0.101864671328,0.109926277007,0.0803038188815,0.147295954469,0.0753924420788,0.113229501576,0.230300857554,0.0677944191576,0.0738920579488,200
0.0996286013936,0.208329489561,0.0608367345892,0.0742422707922,0.0668383536646,0.108011114712,0.238374714769,0.0829097579583,0.0608289625596,201
0.168544485663,0.0837488911857,0.0655257602236,0.0679877537963,0.115691163931,0.308797749791,0.0669507925765,0.0639880286311,0.0587653742021,202
0.0983693886156,0.118457675513,0.074397576963,0.20189264684,0.0674359913609,0.0910490938101,0.222698110306,0.0628825190332,0.0628169975575,203
0.0747781457874,0.345755472805,0.085687763047,0.0739110975714,0.063899394274,0.10084270281,0.137818429758,0.0586441778624,0.058662816084,204
0.186191589838,0.0625782171924,0.0589743475653,0.0909331593677,0.324498890599,0.092494439682,0.0662969955512,0.0590292672379,0.059003092966,205
0.208839347933,0.119338556219,0.0669587088467,0.221131807953,0.070090653194,0.0693082190976,0.112050021674,0.0666044103449,0.065678274739,206
0.285032897674,0.0778410474987,0.0694110215645,0.16218782846,0.114114891411,0.0745545775296,0.0780460274486,0.069425639034,0.0693860693798,207
0.0855034532515,0.200059282337,0.0763847499543,0.0786681552957,0.192990202978,0.0809285954761,0.145346074651,0.0700714148971,0.0700480711595,208
0.190740395513,0.0469426229516,0.0496233970403,0.197244711059,0.303637671817,0.0611468380925,0.0485196472148,0.0589930012844,0.0431517150282,209
0.168429412752,0.133761903916,0.0691622520614,0.173160951859,0.0781881037797,0.13837618519,0.100682201171,0.0692132407904,0.0690257484806,210
0.0684081613355,0.116709171245,0.0625332137469,0.074137062077,0.0699925606512,0.0662653946957,0.367478890561,0.0618788792818,0.112596666406,211
0.147125194799,0.0725695264482,0.0705263307249,0.362833634406,0.0739472745264,0.0666344601558,0.0798183181576,0.0632624204645,0.0632828403174,212
0.0847820069321,0.101839062173,0.0903903534321,0.187832608648,0.0743021778446,0.0775726940616,0.246474131075,0.0684037404166,0.0684032254164,213
0.206270914972,0.0811264848154,0.0718213179431,0.213900627948,0.0692900092229,0.0751661202636,0.152880743622,0.064769901618,0.0647738795953,214
0.0597073733291,0.117767373548,0.0541498828565,0.0606704194268,0.0611492223957,0.0578371437363,0.479007971365,0.055576274156,0.0541343391869,215
0.0781880637051,0.140446037836,0.0709095337792,0.0863080418268,0.225238648751,0.075933303358,0.174347987987,0.0779266909008,0.0707016918561,216
0.0614121993441,0.423578471188,0.0590786721192,0.0624027433194,0.059404798803,0.0589713919767,0.163798412166,0.0556916640162,0.0556616470678,217
0.0866020419365,0.117037244247,0.0719687489838,0.0834364604243,0.0726413124544,0.140774768908,0.291597474627,0.068007566162,0.0679343822572,218
0.158528095079,0.0857485502099,0.0853929181893,0.176726964472,0.160308774143,0.0918703770224,0.0869669460068,0.0771996451124,0.0772577297647,219
0.0787122812863,0.183907810657,0.0722649387766,0.132889229411,0.0700255264057,0.0675216649158,0.265715759756,0.0644791272832,0.0644836615071,220
0.167020066551,0.125983897591,0.0689223469773,0.0773838061309,0.0736380437185,0.0809273255347,0.268309521884,0.0689181659771,0.0688968256353,221
0.0782536625821,0.186011692312,0.0708491497103,0.0926276102145,0.0895679492701,0.10800423509,0.233057308994,0.0708472160594,0.0707811757678,222
0.0584759482296,0.0598830167944,0.0980209750553,0.506316533509,0.0576897767484,0.0561518411828,0.0542935159578,0.0561887243946,0.0529796681282,223
0.205470072371,0.28096311375,0.0523283023736,0.0652268229099,0.0574905540925,0.0933583944414,0.140505139531,0.0523438980281,0.0523137025033,224
0.153309341524,0.102311700804,0.0791627034623,0.148783236947,0.0849141581874,0.101810832455,0.1713748868,0.0791680615133,0.0791650783077,225
0.088011373438,0.0879299179739,0.0597003325529,0.276940296705,0.1236572164,0.069269844123,0.12804348234,0.0590540754462,0.107393461021,226
0.103110765278,0.144084163961,0.0819631399781,0.082820707371,0.080097073975,0.0872384635089,0.274314742223,0.0731905551154,0.0731803885899,227
0.0799623836117,0.194150972599,0.0691291272834,0.0743207263918,0.0979664659649,0.0679771658204,0.287935728499,0.06428014842,0.0642772814101,228
0.325360725241,0.14602693082,0.0624120801624,0.0920520874973,0.0919838716467,0.0957086051163,0.0632111308791,0.0616521536152,0.0615924150222,229
0.0777437012011,0.112232435834,0.0832945224375,0.107198114506,0.0755004252128,0.0769376105905,0.322107586769,0.0746663996285,0.0703192038207,230
0.134651457182,0.127514920258,0.0673959199025,0.168175731272,0.0865703088254,0.100158710281,0.180908048974,0.0673365017554,0.0672884015491,231
0.0943478200731,0.138649941149,0.0814256654664,0.10482644631,0.0730430092547,0.0857567268718,0.284381359475,0.0687771062994,0.0687919251015,232
0.0863931245481,0.112216615923,0.0730984593533,0.136666705164,0.0829472753506,0.0858485830051,0.276751102583,0.0730394824453,0.0730386516282,233
0.0700811631261,0.121483507022,0.0634502459812,0.0882271733195,0.0708740028428,0.0706363402012,0.382005864823,0.069865194363,0.0633765083206,234
0.285842616919,0.0610106456122,0.0564510438371,0.0894387525499,0.233526676654,0.0942026653746,0.0634831119532,0.056420703533,0.059623783567,235
0.232078901402,0.115626000317,0.0673091873886,0.120272017244,0.166829712012,0.071750223194,0.0918341487459,0.0671182651016,0.067181544596,236
0.457934850202,0.0888408057748,0.05580896755,0.0933011368586,0.0598900990291,0.0664118031483,0.0660786778377,0.0559102613728,0.0558233982267,237
0.142796534202,0.132666906161,0.0683544472899,0.126228019738,0.0766026735353,0.0776145073501,0.243794492032,0.0659622384314,0.0659801812603,238
0.13299794285,0.130719253647,0.0948524137248,0.129945339402,0.0957307478358,0.0652211159425,0.228764969249,0.0608763357399,0.060891881609,239
0.332437578395,0.0736354208246,0.0616850261345,0.190425818988,0.0655347831565,0.0592804905607,0.0575386007362,0.0553875571867,0.104074724018,240
0.0650194112811,0.224098894826,0.0639799211857,0.0660681375408,0.0679644504705,0.062435236479,0.332660097351,0.0589049852319,0.0588688656344,241
0.105502823483,0.0957681466592,0.0758363024972,0.192008894421,0.0820759453858,0.0907333924927,0.206368909463,0.0758794595564,0.0758261260415,242
0.0691361301945,0.0857394198896,0.0632667677277,0.112335805235,0.067594686224,0.0815408581644,0.296506839808,0.158208691421,0.0656708013365,243
0.115567551808,0.231772680412,0.0689958887991,0.261500266407,0.068220650018,0.0819410420081,0.0679802142997,0.0520059234402,0.0520157828075,244
0.0617966479457,0.101210984619,0.0560446903055,0.0627933928591,0.0595086068093,0.0598609754604,0.486767072359,0.0560103557144,0.0560072739268,245
0.0774692772219,0.22680085292,0.0770769672866,0.080007199388,0.0832257612689,0.0908771125181,0.223077929819,0.0707093946782,0.070755504899,246
0.254055342995,0.123592612685,0.0899227617992,0.110172238813,0.0769713573235,0.0767539983504,0.097398696838,0.0988381387199,0.0722948524765,247
0.494800871049,0.0848289127842,0.0540604587954,0.082641163876,0.0574290567317,0.0617046748766,0.0563585249425,0.0541136122207,0.0540627247235,248
0.0641890188787,0.113925481499,0.0733887881106,0.0694926214772,0.0630315071495,0.080130838781,0.417227691668,0.0593084816482,0.0593055707883,249
0.273247869013,0.0770820538483,0.0648855950624,0.154083841551,0.0693161456843,0.0709058746798,0.164359107641,0.0630531914425,0.0630663210767,250
0.101942468556,0.217479589221,0.0815631615267,0.0832468184776,0.123321278669,0.130193045509,0.105418271585,0.0738294397876,0.0830059266665,251
0.0717107117539,0.151583177258,0.0649230071512,0.0986607483908,0.0709822002984,0.0934703043824,0.318906808933,0.0648903527918,0.0648726890408,252
0.137061912024,0.111770676875,0.0917128716302,0.22794475948,0.088570874216,0.0891809163382,0.0875299026074,0.0830421543839,0.083185932445,253
0.0710771383958,0.127487298598,0.0642962004964,0.139889265767,0.0727233538069,0.0720256820126,0.319685197715,0.0642972766878,0.0685185865209,254
0.119605400939,0.0999300308927,0.093933950382,0.263576063328,0.0825098175051,0.0829983833557,0.0795538964428,0.0895356360043,0.0883568211499,255
0.144563339572,0.059380100818,0.059758651403,0.130277235624,0.0772461121869,0.356595931114,0.061966183033,0.0550839863583,0.0551284598907,256
0.113558725261,0.0653412225823,0.0735253207818,0.137148068683,0.237519673495,0.187991468603,0.0665243579677,0.0591946746583,0.0591964879681,257
0.0769907754183,0.26155943286,0.0696267778519,0.0781312797757,0.0769999908285,0.0924983685314,0.205087202179,0.0695756584985,0.0695305140572,258
0.126029662203,0.159887180985,0.117440958849,0.125422658104,0.0814278627514,0.08190291981,0.157932519558,0.0749885960788,0.0749676416621,259
0.1151846529,0.0984118850945,0.074629116731,0.335116125201,0.0776882493414,0.0763167388192,0.0767751809924,0.072939579589,0.0729384713318,260
0.10437211177,0.142863686393,0.0845849776419,0.129244873554,0.102391040619,0.190295982435,0.0887288358367,0.0787334073691,0.0787850843818,261
0.0943433979264,0.153949370082,0.0854154056456,0.191957003514,0.100235761319,0.115696934134,0.0875955830715,0.0853759701312,0.0854305741759,262
0.0961863290427,0.130053224442,0.084005510545,0.126286598379,0.0717176420404,0.074565512256,0.281092467833,0.0677541111245,0.068338604337,263
0.114240690667,0.0587649344681,0.0553806711897,0.077501726813,0.409963129442,0.100808668242,0.0622571043694,0.0656794154076,0.055403659401,264
0.296016266588,0.0594376561636,0.105951827862,0.0696188055584,0.217019725448,0.0623846391877,0.0624101694765,0.0555767911802,0.0715841185357,265
0.0789758208201,0.149579979166,0.0644252251212,0.0707381063327,0.0670664615097,0.0802820205716,0.359960956325,0.0664080958266,0.0625633343263,266
0.0694982881689,0.162096617032,0.0679293792174,0.0967775632751,0.0669250912799,0.0716018531886,0.333060575683,0.0692124699726,0.0628981621826,267
0.0701457050041,0.0634716818897,0.0650715333818,0.484262514349,0.0705192551809,0.0617067246986,0.0651617186431,0.0615760910775,0.058084775775,268
0.0709214672081,0.118392226094,0.0797952839489,0.0720653902855,0.0688750451574,0.114852856643,0.294308498405,0.0641739996808,0.116615232578,269
0.0665691584469,0.260866880828,0.0757030175229,0.068908826536,0.0650849471145,0.110191377351,0.22935517672,0.0624273004188,0.0608933150618,270
0.0717133678216,0.0672223253789,0.0577598206839,0.0663592340312,0.0615539369102,0.42817565352,0.114434230718,0.0577392817358,0.0750421492004,271
0.118850460011,0.0654392055104,0.0608184717508,0.428202122295,0.0714154557423,0.065454296403,0.0683724360566,0.060714720897,0.0607328313334,272
0.0891370775654,0.140911693375,0.0734100535261,0.154626117228,0.0795788339897,0.120442323742,0.195109870973,0.0734402431074,0.0733437864939,273
0.0801961573363,0.124581041968,0.0753267881442,0.223917243554,0.072123430514,0.104468605456,0.0908351915314,0.0760330906292,0.152518450868,274
0.123564766001,0.104697710634,0.0672961445463,0.13210254212,0.0888934924611,0.0761469423018,0.272852067803,0.0672307932802,0.0672155408531,275
0.0962185184118,0.16852504646,0.0814883293573,0.0901160821189,0.124703676929,0.083512196578,0.132405378287,0.0791255382884,0.14390523357,276
0.0811067875046,0.0934401641154,0.0734160174811,0.356603786505,0.0953847964795,0.0779144108276,0.0753057076455,0.0734265367226,0.0734017927187,277
